18
2
3
4
4
2
3
2
2
3
2
2
3
3
1
3
2
2
3
2
2
3
2
2
3
3
2
3
3
2
3
2
2
3
3
2
3
3
2
3
3
2
3
4
2
3
3
3
3
2
2
2
2
2
2
3
3
3
3
2
3
3
3
4
2
3
2
2
2
3
2
3
3
2
2
3
4
2
3
3
3
4
2
2
3
3
2
3
3
3
3
4
2
3
3
3
4
2
2
2
3
2
3
2
3
4
3
2
3
3
3
4
2
2
2
2
2
3
2
3
3
3
2
3
3
3
3
3
3
3
3
2
3
3
3
3
3
2
4
2
3
3
3
2
3
3
2
3
2
2
4
3
2
3
4
3
3
2
2
3
3
2
3
3
2
3
3
2
3
3
2
3
3
2
4
3
3
3
3
2
3
3
2
3
2
2
3
3
2
4
2
2
2
3
2
4
4
2
3
2
3
4
3
2
2
3
2
3
3
2
3
3
2
3
3
3
3
2
2
3
2
2
2
2
2
4
4
2
3
3
2
4
4
2
3
3
2
3
3
3
3
3
2
3
3
2
4
3
2
3
3
2
3
3
3
3
3
2
3
3
2
3
2
2
3
2
3
3
2
3
3
4
2
4
2
2
4
3
2
3
3
2
3
2
2
4
4
2
3
3
2
3
2
2
3
2
2
3
3
2
11
20335
5
25965
5636
3
31631
11301
5668
3